INFO:     Shutting down
INFO:     Waiting for background tasks to complete. (CTRL+C to force quit)
INFO:     Started server process [40616]
INFO:     Waiting for application startup.
INFO:     Application startup complete.
INFO:     Uvicorn running on http://127.0.0.1:8000 (Press CTRL+C to quit)
INFO:     127.0.0.1:35716 - "GET / HTTP/1.1" 200 OK
INFO:     127.0.0.1:35716 - "GET /assets/index-DbpGK_cm.js HTTP/1.1" 200 OK
INFO:     127.0.0.1:35730 - "GET /assets/index-4gpWe8z9.css HTTP/1.1" 200 OK
INFO:     127.0.0.1:35716 - "GET /themes HTTP/1.1" 200 OK
INFO:     127.0.0.1:35730 - "GET /status HTTP/1.1" 200 OK
INFO:     127.0.0.1:35746 - "GET /config HTTP/1.1" 200 OK
INFO:     127.0.0.1:35760 - "WebSocket /ws" [accepted]
INFO:     connection open
INFO:     127.0.0.1:35768 - "POST /config HTTP/1.1" 200 OK
INFO:     127.0.0.1:35746 - "GET / HTTP/1.1" 200 OK
INFO:     connection closed
INFO:     127.0.0.1:35746 - "GET /themes HTTP/1.1" 200 OK
INFO:     127.0.0.1:35730 - "GET /status HTTP/1.1" 200 OK
INFO:     127.0.0.1:35716 - "GET /config HTTP/1.1" 200 OK
INFO:     127.0.0.1:35776 - "WebSocket /ws" [accepted]
INFO:     connection open
INFO:     127.0.0.1:35782 - "POST /config HTTP/1.1" 200 OK
INFO:     127.0.0.1:35716 - "GET / HTTP/1.1" 200 OK
INFO:     connection closed
INFO:     127.0.0.1:35716 - "GET /themes HTTP/1.1" 200 OK
INFO:     127.0.0.1:35730 - "GET /status HTTP/1.1" 200 OK
INFO:     127.0.0.1:35746 - "GET /config HTTP/1.1" 200 OK
INFO:     127.0.0.1:35798 - "WebSocket /ws" [accepted]
INFO:     connection open
INFO:     127.0.0.1:48898 - "POST /config HTTP/1.1" 200 OK
INFO:     127.0.0.1:35746 - "GET / HTTP/1.1" 200 OK
INFO:     connection closed
INFO:     127.0.0.1:35746 - "GET /themes HTTP/1.1" 200 OK
INFO:     127.0.0.1:35730 - "GET /status HTTP/1.1" 200 OK
INFO:     127.0.0.1:35716 - "GET /config HTTP/1.1" 200 OK
INFO:     127.0.0.1:48914 - "WebSocket /ws" [accepted]
INFO:     connection open
INFO:     127.0.0.1:48922 - "POST /config HTTP/1.1" 200 OK
INFO:     127.0.0.1:35716 - "GET / HTTP/1.1" 200 OK
INFO:     connection closed
INFO:     127.0.0.1:35716 - "GET /themes HTTP/1.1" 200 OK
INFO:     127.0.0.1:35730 - "GET /status HTTP/1.1" 200 OK
INFO:     127.0.0.1:35746 - "GET /config HTTP/1.1" 200 OK
INFO:     127.0.0.1:48930 - "WebSocket /ws" [accepted]
INFO:     connection open
INFO:     127.0.0.1:48944 - "POST /config HTTP/1.1" 200 OK
INFO:     127.0.0.1:35746 - "GET / HTTP/1.1" 200 OK
INFO:     connection closed
INFO:     127.0.0.1:35746 - "GET /themes HTTP/1.1" 200 OK
INFO:     127.0.0.1:35730 - "GET /status HTTP/1.1" 200 OK
INFO:     127.0.0.1:35716 - "GET /config HTTP/1.1" 200 OK
INFO:     127.0.0.1:48954 - "WebSocket /ws" [accepted]
INFO:     connection open
INFO:     connection closed
INFO:     127.0.0.1:58868 - "GET / HTTP/1.1" 200 OK
INFO:     127.0.0.1:58868 - "GET /assets/index-IfMbG2ez.js HTTP/1.1" 200 OK
INFO:     127.0.0.1:58882 - "GET /assets/index-84a-VOZd.css HTTP/1.1" 200 OK
INFO:     127.0.0.1:58868 - "GET /themes HTTP/1.1" 200 OK
INFO:     127.0.0.1:58882 - "GET /status HTTP/1.1" 200 OK
INFO:     127.0.0.1:58884 - "GET /config HTTP/1.1" 200 OK
INFO:     127.0.0.1:58886 - "WebSocket /ws" [accepted]
INFO:     connection open
INFO:     127.0.0.1:58894 - "POST /config HTTP/1.1" 200 OK
INFO:     127.0.0.1:58884 - "GET / HTTP/1.1" 200 OK
INFO:     connection closed
INFO:     127.0.0.1:58882 - "GET /assets/index-84a-VOZd.css HTTP/1.1" 304 Not Modified
INFO:     127.0.0.1:58884 - "GET /assets/index-IfMbG2ez.js HTTP/1.1" 304 Not Modified
INFO:     127.0.0.1:58884 - "GET /themes HTTP/1.1" 200 OK
INFO:     127.0.0.1:58882 - "GET /status HTTP/1.1" 200 OK
INFO:     127.0.0.1:58868 - "GET /config HTTP/1.1" 200 OK
INFO:     127.0.0.1:58904 - "WebSocket /ws" [accepted]
INFO:     connection open
INFO:     127.0.0.1:57544 - "POST /config HTTP/1.1" 200 OK
INFO:     127.0.0.1:58868 - "GET / HTTP/1.1" 200 OK
INFO:     connection closed
INFO:     127.0.0.1:58868 - "GET /assets/index-IfMbG2ez.js HTTP/1.1" 304 Not Modified
INFO:     127.0.0.1:58882 - "GET /assets/index-84a-VOZd.css HTTP/1.1" 304 Not Modified
INFO:     127.0.0.1:58882 - "GET /themes HTTP/1.1" 200 OK
INFO:     127.0.0.1:58868 - "GET /status HTTP/1.1" 200 OK
INFO:     127.0.0.1:58884 - "GET /config HTTP/1.1" 200 OK
INFO:     127.0.0.1:57546 - "WebSocket /ws" [accepted]
INFO:     connection open
INFO:     127.0.0.1:57552 - "POST /config HTTP/1.1" 200 OK
INFO:     127.0.0.1:58884 - "GET / HTTP/1.1" 200 OK
INFO:     connection closed
INFO:     127.0.0.1:58868 - "GET /assets/index-84a-VOZd.css HTTP/1.1" 304 Not Modified
INFO:     127.0.0.1:58884 - "GET /assets/index-IfMbG2ez.js HTTP/1.1" 304 Not Modified
INFO:     127.0.0.1:58884 - "GET /themes HTTP/1.1" 200 OK
INFO:     127.0.0.1:58868 - "GET /status HTTP/1.1" 200 OK
INFO:     127.0.0.1:58882 - "GET /config HTTP/1.1" 200 OK
INFO:     127.0.0.1:57556 - "WebSocket /ws" [accepted]
INFO:     connection open
INFO:     127.0.0.1:57562 - "POST /config HTTP/1.1" 200 OK
INFO:     127.0.0.1:58882 - "GET / HTTP/1.1" 200 OK
INFO:     connection closed
INFO:     127.0.0.1:58882 - "GET /assets/index-IfMbG2ez.js HTTP/1.1" 304 Not Modified
INFO:     127.0.0.1:58868 - "GET /assets/index-84a-VOZd.css HTTP/1.1" 304 Not Modified
INFO:     127.0.0.1:58868 - "GET /themes HTTP/1.1" 200 OK
INFO:     127.0.0.1:58882 - "GET /status HTTP/1.1" 200 OK
INFO:     127.0.0.1:58884 - "GET /config HTTP/1.1" 200 OK
INFO:     127.0.0.1:57574 - "WebSocket /ws" [accepted]
INFO:     connection open
INFO:     127.0.0.1:57588 - "POST /config HTTP/1.1" 200 OK
INFO:     127.0.0.1:58884 - "GET / HTTP/1.1" 200 OK
INFO:     connection closed
INFO:     127.0.0.1:58884 - "GET /assets/index-IfMbG2ez.js HTTP/1.1" 304 Not Modified
INFO:     127.0.0.1:58882 - "GET /assets/index-84a-VOZd.css HTTP/1.1" 304 Not Modified
INFO:     127.0.0.1:58882 - "GET /themes HTTP/1.1" 200 OK
INFO:     127.0.0.1:58884 - "GET /status HTTP/1.1" 200 OK
INFO:     127.0.0.1:58868 - "GET /config HTTP/1.1" 200 OK
INFO:     127.0.0.1:57600 - "WebSocket /ws" [accepted]
INFO:     connection open
INFO:     connection closed
INFO:     Shutting down
INFO:     Waiting for background tasks to complete. (CTRL+C to force quit)
